"Albany  GA" "Asheville  NC" "Athens-Clarke  GA" "Atlanta  GA" "Augusta-Richmond  GA" "Burlington  NC" "Cary  NC" "Chapel Hill  NC" "Charleston  SC" "Charlotte  NC" "Columbia  SC" "Columbus  GA" "Concord  NC" "Durham  NC" "Fayetteville  NC" "Gastonia  NC" "Greensboro  NC" "Greenville  NC" "Greenville  SC" "Hickory  NC" "High Point  NC" "Huntersville  NC" "Jacksonville  NC" "Macon  GA" "Marietta  GA" "Mount Pleasant  SC" "North Atlanta  GA" "North Charleston  SC" "Raleigh  NC" "Redan  GA" "Rock Hill  SC" "Rocky Mount  NC" "Roswell  GA" "Sandy Springs  GA" "Savannah  GA" "Smyrna  GA" "Sumter  SC" "Valdosta  GA" "Warner Robins  GA" "Wilmington  NC" "Wilson  NC" "Winston-Salem  NC"
"Albany  GA" 0 602020 317980 292414 322309 762413 813516 807765 521060 586144 442889 139174 625731 813208 703500 643857 731564 875486 518341 699206 708185 606352 834352 169644 324938 544638 310059 525389 801230 297758 548096 845537 327848 318616 360595 317624 511564 142596 151510 772348 819443 710626
"Asheville  NC" 604557 0 254048 319667 294578 310068 388252 355421 430959 209385 254597 491621 243241 360864 423227 174881 278448 534957 101753 124954 259253 187394 589975 400974 330581 437724 305532 418043 397810 321902 209179 493759 320677 309812 501143 323006 332164 679669 476219 539067 479241 233374
"Athens-Clarke  GA" 318290 251802 0 115553 154424 482252 560435 527604 410011 311714 263148 287508 345570 533047 523759 277216 451403 695744 151700 332565 428024 322605 654610 148748 126468 416776 101419 397095 569994 93059 296017 665795 116563 105698 358941 118892 331823 393401 180784 592607 639701 430465
"Atlanta  GA" 292476 317673 115963 0 235646 564545 642728 609898 491233 394008 344370 172510 427863 615341 604981 359509 533696 776966 233993 414858 510318 404899 735832 136466 32956 497998 18077 478318 652287 26556 378311 747017 35866 26634 399642 25642 413045 367587 164138 673829 720924 512758
"Augusta-Richmond  GA" 322612 293114 153168 234436 0 441031 492134 486383 242130 264762 121507 398172 304349 491826 382118 287962 410182 554104 183902 345077 386803 284969 512970 194963 267189 248895 249861 229214 479848 216932 226714 524155 263254 252389 196766 261308 190182 345919 211319 450966 498061 389244
"Burlington  NC" 764762 310429 485978 566622 444582 0 84520 51689 473842 181883 328760 738576 149027 57132 138555 209934 35843 231225 337023 194702 61003 174853 286243 637113 577536 480607 552487 460926 94078 568857 222226 190028 567632 556767 543535 569961 309764 786427 653469 301186 175509 78674
"Cary  NC" 812993 388997 564546 645189 492813 84222 0 36811 462540 260450 377173 817144 188033 30360 115061 288502 114411 149554 415590 273270 139570 253421 204572 685344 656104 469305 631055 449624 19391 647425 300793 108357 646199 635334 532233 648528 319510 816513 701700 219515 93838 157242
"Chapel Hill  NC" 810189 355856 531405 612049 490009 51082 35881 0 495572 227310 374187 784003 194454 18042 118533 255361 81270 182586 382450 240129 106430 220280 237604 682540 622963 502337 597914 482656 45440 614284 267653 141389 613059 602194 565265 615388 352542 849545 698896 252547 126870 124101
"Charleston  SC" 524253 429687 399526 480793 242616 485168 462274 495619 0 335665 182978 562452 375252 489169 352259 358866 453314 524245 342600 415981 457707 355873 361428 427028 513546 14674 496218 14861 449989 463289 297618 494296 509611 498746 173590 507665 170157 457870 422363 277127 468202 460148
"Charlotte  NC" 585673 210925 313806 394449 265493 179207 257390 224559 336194 0 149670 566404 42525 230002 213104 37762 148358 404096 164850 94877 124980 23146 385226 458023 405364 342959 380314 323278 266949 396685 43137 362898 395459 384594 406377 397788 217425 607337 474380 323223 348379 127420
"Columbia  SC" 444209 253688 264051 345319 124029 325680 377237 371032 187143 149411 0 509054 188998 376475 267222 172612 294831 439207 166601 229727 271453 169619 398073 316560 378071 193908 360743 174227 364951 327814 111363 409258 374136 363271 257326 372190 69925 465874 332916 336070 383164 273893
"Columbus  GA" 138706 490278 288568 173037 399064 737150 815334 782503 557415 566613 507788 0 600468 787946 768399 532114 706301 940385 406598 587463 682923 577504 899251 158997 199329 580993 190682 561744 824892 190691 550916 910435 208471 196925 396950 186719 576463 279360 143286 837247 884342 685364
"Concord  NC" 626193 233055 347409 428053 306013 146680 224863 192032 376714 43314 190191 600007 0 197475 185911 71365 115831 371568 198454 128480 92452 36284 376160 498544 438967 383479 413918 363798 234422 430288 83657 330371 429063 418198 446897 431392 187639 647858 514900 314156 315852 94893
"Durham  NC" 815427 361094 536643 617287 495247 56320 30484 18220 490175 232548 379425 789241 199692 0 142697 260599 86508 177190 387688 245367 111668 225518 232207 687778 628201 496940 603152 477259 40043 619522 272891 135992 618297 607432 559868 620626 347145 844149 704134 247150 121473 129340
"Fayetteville  NC" 703119 424096 522960 604228 382939 139712 115976 118096 352665 213176 267298 767964 186324 142870 0 257521 151653 177946 425968 308369 168044 228619 156521 575470 636981 359430 619653 339750 103690 586724 247733 147997 633046 622181 422359 631100 209636 706639 591826 148875 121903 192341
"Gastonia  NC" 642999 176193 277465 358108 286988 207379 285563 252732 357689 36842 171166 530063 70697 258175 256405 0 176530 432268 128509 60145 153152 47733 428527 424391 369023 364454 343974 344773 295121 360344 64632 391070 359118 348253 427873 361447 238920 718110 514661 366523 376552 155592
"Greensboro  NC" 731518 278011 452734 533378 411338 35561 113744 80913 441183 148639 295516 705332 115783 86356 152414 176690 0 260449 303779 162284 27759 141609 315467 603869 544292 447948 519243 428267 123302 535613 188982 219252 534388 523523 510876 536717 277105 795157 620225 330410 204733 46256
"Greenville  NC" 875459 530636 695300 776568 555279 225861 149752 178450 525006 402089 439639 940304 369234 171999 177527 430141 256050 0 557229 414909 281210 395060 120233 747810 809321 531771 791993 512090 135725 759064 442433 68413 805386 794521 594699 803440 381976 878979 764166 190524 57266 298881
"Greenville  SC" 518592 100207 153058 233702 184417 335228 413411 380580 342693 164690 166331 405656 198546 386023 427433 130192 304379 560116 0 185541 281000 175581 558284 299984 244616 349458 219567 329777 422969 235937 148993 518919 234712 223846 412877 237040 243897 593703 390254 496281 504400 283441
"Hickory  NC" 699240 124259 333706 414349 344596 191220 269404 236573 415297 94450 228774 586303 128305 242016 304379 59945 159600 416109 184750 0 140405 72459 471127 480632 425264 422062 400214 402381 278962 416585 122240 374912 415359 404494 485481 417688 296528 774351 570902 424131 360393 114526
"High Point  NC" 707584 260103 428800 509444 387404 59216 137399 104568 458105 124705 271582 681398 91849 110011 167702 152756 28367 284104 279845 144376 0 117675 339122 579935 520358 464870 495309 445189 146957 511679 165048 242907 510454 499589 528288 512783 272109 729249 596291 354065 228388 32350
"Huntersville  NC" 606102 214618 322815 403459 285922 167272 245455 212624 356622 23222 170099 575413 28694 218068 241338 46771 136423 392161 173860 98891 113045 0 413459 478452 414373 363387 389324 343707 255014 405694 63565 350963 404469 393604 426806 406798 237854 627766 494809 351456 336444 113067
"Jacksonville  NC" 835326 590570 655167 736435 515146 285795 205039 238383 367653 385569 399505 900171 375569 231933 156820 429913 315984 119178 558175 474843 341143 401012 0 707677 769188 352276 751860 375420 192753 718931 420126 160512 765253 754388 554566 763307 341843 838846 724033 92965 133743 358815
"Macon  GA" 169752 398802 147958 134081 195133 635237 686340 680589 426910 458968 315714 164362 498555 686032 576325 424216 604388 748310 298700 479565 581010 479176 707176 0 166606 450488 151727 431239 674054 139425 420920 718361 169516 160283 266445 159292 384388 244864 32246 645173 692267 583450
"Marietta  GA" 324572 329022 127313 32652 268373 575895 654078 621247 523960 405358 377097 198027 439213 626690 637708 370859 545046 809693 245343 426208 521668 416249 768560 168562 0 530725 31350 511045 663637 59283 389661 779744 21091 25067 431738 9428 445772 399684 196234 706556 753651 524108
"Mount Pleasant  SC" 546907 435508 405347 486615 248438 490989 468096 501440 15377 341487 188800 585106 381074 494990 358081 364687 459136 530066 348421 421802 463528 361694 346754 449682 519368 0 502040 23144 455810 469111 303439 500117 515432 504567 196244 513487 175978 480525 445018 262453 474023 465969
"North Atlanta  GA" 309328 304734 103025 17408 251108 551607 629790 596959 506696 381069 359833 189362 414925 602402 620444 346571 520758 792429 221055 401920 497379 391960 751295 153318 30424 513461 0 493780 639349 36040 365372 735298 21768 10022 416494 22849 428508 384440 180990 689292 736386 499820
"North Charleston  SC" 527060 415538 385377 466645 228467 471019 448126 481470 15568 321517 168829 565259 361104 475020 338110 344717 439165 510096 328451 401832 443558 341724 370175 429835 499397 23422 482069 0 435840 449140 283469 480147 495462 484597 176397 493517 156008 460678 425170 285875 454053 445999
"Raleigh  NC" 800440 398134 573683 654327 480260 93360 19437 45948 449986 269588 364619 826281 236732 39498 102508 297639 123548 135834 424728 282407 148708 262558 192019 672791 665241 456751 640192 437071 0 684045 309931 94636 655337 644472 519680 657666 306957 803960 689147 206962 80117 166380
"Redan  GA" 298228 319647 93151 26864 218166 566520 644703 611872 473754 395982 326890 190263 429837 617315 587501 361484 535671 759487 235967 416832 512292 406873 718353 142218 59960 480519 36663 460838 685231 0 380285 729538 50056 39191 405394 52385 395565 373339 169890 656349 703444 514733
"Rock Hill  SC" 547558 206930 297185 377828 227378 220184 298367 265536 298079 43915 111555 549783 83502 270980 247549 49126 189335 445073 148229 124231 165957 64123 419671 419908 388743 304844 363693 285163 307926 380064 0 403875 378838 367973 368262 381167 179310 569222 436265 357668 389356 168397
"Rocky Mount  NC" 846855 490279 666696 747964 526675 185504 109394 138092 496401 361732 411034 911700 328876 131642 148923 389784 215693 66105 516872 374552 240852 354702 154449 719206 757386 503166 732336 483486 95368 730460 402075 0 747481 736616 566095 749810 353372 850375 735562 218952 30585 258524
"Roswell  GA" 327395 318863 117153 35474 265237 565736 643919 611088 520825 395198 373962 207428 429054 616531 634572 360700 534887 806558 235183 416049 511508 406089 765424 171385 21219 527590 25044 507909 653477 50169 379501 749427 0 12657 434560 30398 442636 402506 199056 703420 750515 513949
"Sandy Springs  GA" 318018 309486 107777 26097 255861 556359 634542 601711 511448 385822 364585 196195 419677 607154 625196 351323 525510 797181 225807 406672 502132 396713 756047 162008 24690 518213 9955 498532 644101 40792 370125 740050 12565 0 425184 17115 433260 393129 189680 694044 741139 504572
"Savannah  GA" 364034 499394 358593 399153 196498 554378 531485 564829 171840 405373 252685 402233 444960 558379 421470 428573 522525 593455 412307 485688 527414 425580 552321 266809 431677 195418 416798 176169 519200 404497 367325 563506 434587 425355 0 424363 239367 298015 262145 490318 537412 529855
"Smyrna  GA" 318796 323717 122007 26875 262120 570590 648773 615942 517708 400052 370844 185598 433907 621385 631455 365554 539741 803441 240037 420902 516362 410943 762307 162786 8959 524473 26044 504792 658331 53031 384355 773492 25795 19762 425962 0 439519 393907 190458 700303 747398 518803
"Sumter  SC" 590928 340645 350549 431817 210528 308771 320435 353779 170572 178148 71666 595553 186367 347329 210420 201349 276918 382405 253558 258464 271371 198356 341271 403059 464570 177337 447242 157656 308149 414313 141870 352456 460635 449770 240265 458689 0 524546 419415 279268 326362 297944
"Valdosta  GA" 142560 676731 392690 367124 346567 784514 817382 850726 457736 608244 464990 279140 647831 844276 707366 718568 753665 879352 593051 773917 730286 628452 838218 244354 399649 481315 384770 462066 805096 372468 570197 849403 402559 393326 297632 392335 525264 0 226221 776214 823309 732727
"Warner Robins  GA" 150638 473166 179976 163560 211132 651236 702339 696588 422338 474967 331713 148568 514554 702031 592324 515003 620387 764309 389487 570352 597009 495175 723175 30548 196084 445917 181205 426668 690053 168904 436919 734360 198994 189762 261873 188770 400388 225750 0 661172 708266 599449
"Wilmington  NC" 773316 541067 593158 674426 453136 300578 219822 253167 283466 323559 337496 838161 313559 246716 148560 367904 330767 186492 496166 425019 355926 339002 85400 645667 707178 268088 689850 291232 207537 656921 358116 224592 703243 692378 492556 701297 279833 776837 662023 0 189380 373598
"Wilson  NC" 819682 476104 639524 720792 499502 171330 95220 123918 469229 347558 383862 884527 314702 117467 121751 375609 201518 58288 502698 360377 226678 340528 133489 692033 753544 475994 736216 456313 81193 703287 387901 31781 749609 738744 538922 747663 326199 823203 708389 189758 0 244349
"Winston-Salem  NC" 711309 233543 432524 513168 391128 78762 156945 124114 461829 128429 275306 685122 95573 129557 191920 156481 47141 303650 283569 117816 33060 114061 358668 583659 524083 468594 499033 448913 166503 515403 168772 262453 514178 503313 532013 516507 300365 732973 600015 373611 247934 0
